250 0
500 0
750 0
1000 0
1250 0
1500 0
1750 0
2000 0
2250 0
2500 0
2750 0
3000 0
3250 0
3500 0
3750 0
4000 0
4250 0
4500 0
4750 0
5000 16
5250 0
5500 0
5750 0
6000 0
6250 0
6500 16
6750 0
7000 0
7250 0
7500 0
7750 0
8000 15
8250 0
8500 0
8750 16
9000 0
9250 0
9500 0
9750 15
10000 0
10250 0
10500 16
10750 0
11000 0
11250 16
11500 0
11750 15
12000 0
12250 0
12500 16
12750 0
13000 15
13250 0
13500 16
13750 16
14000 0
14250 15
14500 0
14750 16
15000 15
15250 0
15500 16
15750 16
16000 15
16250 0
16500 16
16750 15
17000 0
17250 16
17500 16
17750 15
18000 16
18250 15
18500 16
18750 16
19000 15
19250 16
19500 15
19750 16
20000 16
20250 15
20500 31
20750 16
21000 31
21250 16
21500 15
21750 32
22000 15
22250 16
22500 15
22750 16
23000 31
23250 16
23500 31
23750 16
24000 31
24250 31
24500 16
24750 15
