250 0
500 16
750 0
1000 0
1250 0
1500 0
1750 0
2000 0
2250 15
2500 0
2750 0
3000 16
3250 0
3500 16
3750 15
4000 16
4250 0
4500 15
4750 16
5000 31
5250 16
5500 15
5750 32
6000 15
6250 47
6500 31
6750 16
7000 31
7250 47
7500 31
7750 31
8000 47
8250 47
8500 47
8750 46
9000 47
9250 63
9500 46
9750 63
10000 62
10250 63
10500 93
10750 78
11000 78
11250 78
11500 78
11750 94
12000 93
12250 94
12500 94
12750 93
13000 109
13250 125
13500 109
13750 125
14000 125
14250 125
14500 140
14750 141
15000 140
15250 156
15500 156
15750 156
16000 172
16250 171
16500 172
16750 187
17000 187
17250 187
17500 188
17750 203
18000 218
18250 234
18500 203
18750 265
19000 234
19250 250
19500 250
19750 280
20000 297
20250 265
20500 265
20750 297
21000 280
21250 297
21500 327
21750 328
22000 312
22250 343
22500 343
22750 344
23000 374
23250 390
23500 359
23750 405
24000 406
24250 390
24500 452
24750 406
