250 0
500 16
750 0
1000 0
1250 0
1500 0
1750 0
2000 0
2250 0
2500 0
2750 0
3000 0
3250 0
3500 15
3750 0
4000 0
4250 0
4500 0
4750 0
5000 0
5250 0
5500 16
5750 0
6000 0
6250 0
6500 0
6750 0
7000 15
7250 0
7500 0
7750 0
8000 16
8250 0
8500 0
8750 0
9000 0
9250 0
9500 0
9750 16
10000 0
10250 0
10500 0
10750 0
11000 15
11250 0
11500 0
11750 0
12000 0
12250 16
12500 0
12750 0
13000 0
13250 15
13500 0
13750 0
14000 0
14250 16
14500 0
14750 0
15000 16
15250 0
15500 0
15750 15
16000 0
16250 16
16500 0
16750 0
17000 0
17250 15
17500 0
17750 0
18000 16
18250 0
18500 0
18750 16
19000 0
19250 0
19500 15
19750 0
20000 16
20250 0
20500 15
20750 0
21000 16
21250 0
21500 0
21750 16
22000 15
22250 0
22500 16
22750 0
23000 31
23250 0
23500 16
23750 0
24000 15
24250 0
24500 16
24750 0
