250 0
500 0
750 0
1000 16
1250 0
1500 0
1750 0
2000 0
2250 0
2500 0
2750 0
3000 0
3250 0
3500 15
3750 0
4000 0
4250 0
4500 0
4750 0
5000 0
5250 0
5500 16
5750 0
6000 0
6250 0
6500 0
6750 0
7000 16
7250 0
7500 0
7750 0
8000 0
8250 15
8500 0
8750 0
9000 0
9250 0
9500 16
9750 0
10000 0
10250 0
10500 15
10750 0
11000 0
11250 0
11500 16
11750 0
12000 0
12250 0
12500 16
12750 0
13000 15
13250 0
13500 0
13750 16
14000 0
14250 15
14500 0
14750 16
15000 0
15250 16
15500 15
15750 0
16000 16
16250 0
16500 0
16750 15
17000 0
17250 16
17500 0
17750 0
18000 16
18250 0
18500 0
18750 15
19000 0
19250 16
19500 0
19750 0
20000 15
20250 16
20500 0
20750 16
21000 0
21250 15
21500 0
21750 16
22000 0
22250 0
22500 16
22750 0
23000 31
23250 0
23500 16
23750 0
24000 0
24250 16
24500 0
24750 16
